Name,Speciality,Degree,Year_of_experience,Location,City,dp_score,npv,consultation_fee
,,,,,,,,
Dr. B A Gopala Krishna,Orthopedist,"MBBS, DNB - Orthopedics/Orthopedic Surgery",22 Years Experience Overall  (13 years as specialist),"Banashankari 2nd Stage, Bangalore",Bangalore,97%,(99 votes),₹ 600 fee
Dr. Shashidhar V.,Orthopedist,"MBBS, MS - Orthopaedics",19 Years Experience Overall  (11 years as specialist),"Yelenahalli, Bangalore",Bangalore,96%,(104 votes),₹ 1000 fee
Dr. Sharath Kumar Shetty,Orthopedist,"MBBS, MS - Orthopaedics",22 Years Experience Overall  (20 years as specialist),"HSR Layout, Bangalore",Bangalore,89%,(45 votes),₹ 999 fee
Dr. Gowrishankar Swamy L G,Orthopedist,"MBBS, DNB - Orthopedics/Orthopedic Surgery",32 Years Experience Overall  (21 years as specialist),"Yeshwanthpur, Bangalore",Bangalore,98%,(416 votes),₹ 800 fee
Dr. Jagadeesh,Orthopedist,"Diploma in Orthopaedics, MBBS",25 Years Experience Overall  (22 years as specialist),"Jayanagar, Bangalore",Bangalore,89%,(92 votes),₹ 800 fee
Dr. Somanna Malchira,Orthopedist,"MS - Orthopaedics, MBBS",17 Years Experience Overall  (16 years as specialist),"Hebbal, Bangalore",Bangalore,96%,(46 votes),₹ 1000 fee
Dr. Prashanth Kalale,Orthopedist,"MBBS, MS - Orthopaedics, M.Ch - Orthopaedics",24 Years Experience Overall  (23 years as specialist),"Koramangala 5 Block, Bangalore",Bangalore,97%,(879 votes),₹ 800 fee
Dr. Mani Venugopal,Orthopedist,"MBBS, MS - Orthopaedics, Diploma in Orthopaedics",40 Years Experience Overall,"Ulsoor, Bangalore",Bangalore,97%,(622 votes),₹ 800 fee
Dr. Pradeep Anand.M,Orthopedist,"MBBS, Diploma in Orthopaedics, DNB - Orthopedics/Orthopedic Surgery",26 Years Experience Overall  (20 years as specialist),"HSR Layout, Bangalore",Bangalore,91%,(116 votes),₹ 700 fee
Dr. D J Navinchand,Orthopedist,"MBBS, MS - Orthopaedics",40 Years Experience Overall  (36 years as specialist),"Hebbal, Bangalore",Bangalore,91%,(116 votes),₹ 800 fee
Dr. Ajay Rao,Orthopedist,"MBBS, DNB - Orthopedics/Orthopedic Surgery",24 Years Experience Overall  (14 years as specialist),"Basaveshwaranagar, Bangalore",Bangalore,100%,(347 votes),₹ 500 fee
Dr. Amith Shetty,Orthopedist,"MBBS, MS - Orthopaedics",13 Years Experience Overall  (9 years as specialist),"Hulimavu, Bangalore",Bangalore,100%,(347 votes),₹ 500 fee
Dr. Prabhakar V,Orthopedist,"MBBS, MS - Orthopaedics",15 Years Experience Overall  (9 years as specialist),"KR Puram, Bangalore",Bangalore,94%,(141 votes),₹ 399 fee
Dr. Vinay Kumaraswamy,Orthopedist,"MS - Orthopaedics, DNB - Orthopedics/Orthopedic Surgery, MRCS (UK), Fellowship in Arthroscopy & Sports Injury, MBBS",15 Years Experience Overall  (10 years as specialist),"Rajajinagar, Bangalore",Bangalore,100%,(479 votes),₹ 560 fee
Dr. Siddharth Munireddy,Orthopedist,"MS - Orthopaedics, MBBS",9 Years Experience Overall  (5 years as specialist),"HSR Layout, Bangalore",Bangalore,100%,(479 votes),₹ 700 fee
Dr. Deepak N Inamdar,Orthopedist,"MBBS, Diploma in Orthopaedics, DNB - Orthopedics/Orthopedic Surgery",25 Years Experience Overall  (21 years as specialist),"Jayanagar 3 Block, Bangalore",Bangalore,93%,(256 votes),₹ 600 fee
Dr. Sunil N,Orthopedist,"MBBS, MS - Orthopaedics",11 Years Experience Overall  (4 years as specialist),"Panathur, Bangalore",Bangalore,100%,(191 votes),₹ 550 fee
Dr. Mahesh Channabasappa Gonchikar,Orthopedist,"MBBS, DNB - Orthopedics/Orthopedic Surgery, Diploma in Orthopaedics",29 Years Experience Overall  (22 years as specialist),"Malleswaram, Bangalore",Bangalore,100%,(42 votes),₹ 850 fee
Dr. Ananya,Orthopedist,"MBBS, FRCS - Trauma & Orthopedic Surgery",20 Years Experience Overall  (10 years as specialist),"Vijayanagar, Bangalore",Bangalore,99%,(102 votes),₹ 500 fee
Dr. Chandrashekar,Orthopedist,"MS - Orthopaedics, MBBS",20 Years Experience Overall  (16 years as specialist),"HSR Layout, Bangalore",Bangalore,89%,(417 votes),₹ 1000 fee
Dr. Venkatdeep Mohan,Orthopedist,"MBBS, DNB - Orthopedics/Orthopedic Surgery",17 Years Experience Overall  (8 years as specialist),"JP Nagar, Bangalore",Bangalore,100%,(167 votes),₹ 500 fee
Dr. Yogesh Pithwa,Orthopedist,"FNB - Spine Surgery, MS - Orthopaedics, DNB - Orthopedics/Orthopedic Surgery, MNAMS - Orthopaedics, Diploma in Orthopaedics, MBBS",21 Years Experience Overall,"Jayanagar, Bangalore",Bangalore,94%,(458 votes),₹ 650 fee
Dr. Prasanna T Y,Orthopedist,"MBBS, MS - Orthopaedics, DNB - Orthopedics/Orthopedic Surgery",11 Years Experience Overall  (6 years as specialist),"Basaveshwaranagar, Bangalore",Bangalore,98%,(53 votes),₹ 400 fee
Dr. Rewat Laxman,Orthopedist,"MBBS, Diploma in Orthopaedics, DNB - Orthopedics/Orthopedic Surgery",11 Years Experience Overall,"Koramangala, Bangalore",Bangalore,95%,(94 votes),₹ 850 fee
Dr. Mahesh Reddy,Orthopedist,"MBBS, MS - Orthopaedics, M.Ch - Orthopaedics, FRCS - General Surgery",28 Years Experience Overall  (20 years as specialist),"Koramangala 5 Block, Bangalore",Bangalore,79%,(19 votes),₹ 800 fee
Dr. Mahadev Jatti,Orthopedist,"MBBS, MS - Orthopaedics",27 Years Experience Overall,"Koramangala 5 Block, Bangalore",Bangalore,74%,(23 votes),₹ 800 fee
Dr. Shivareddy.H.A.,Orthopedist,"MBBS, Diploma in Orthopaedics, MS - Orthopaedics",20 Years Experience Overall  (14 years as specialist),"Jayanagar, Bangalore",Bangalore,99%,(352 votes),₹ 750 fee
Dr. Narayan Hulse,Orthopedist,"MS - Orthopaedics, DNB - Orthopedics/Orthopedic Surgery, MRCS (UK), FRCS - Trauma & Orthopedic Surgery, MS - Orthopaedics, MBBS",23 Years Experience Overall  (21 years as specialist),"Bannerghatta Road, Bangalore",Bangalore,97%,(412 votes),₹ 900 fee
Dr. Praveen S Battepati,Orthopedist,"MBBS, Diploma in Orthopaedics, DNB - Orthopedics/Orthopedic Surgery",25 Years Experience Overall  (21 years as specialist),"Sanjay Nagar, Bangalore",Bangalore,100%,(329 votes),₹ 600 fee
Dr. Mohan M.R,Orthopedist,"MBBS, MS - Orthopaedics",21 Years Experience Overall  (16 years as specialist),"Hulimavu, Bangalore",Bangalore,95%,(150 votes),₹ 500 fee
Dr. Jithendra Kumar G P,Orthopedist,"MBBS, MS - Orthopaedics",35 Years Experience Overall  (29 years as specialist),"Bannerghatta Road, Bangalore",Bangalore,95%,(150 votes),₹ 850 fee
Dr. Naveen Devarajaiah,Orthopedist,"MBBS, MS - Orthopaedics",18 Years Experience Overall  (13 years as specialist),"Yelahanka, Bangalore",Bangalore,98%,(757 votes),₹ 480 fee
Dr. Kiran Chowka,Orthopedist,"MS - Orthopaedics, MBBS",17 Years Experience Overall  (12 years as specialist),"Hebbal, Bangalore",Bangalore,94%,(196 votes),₹ 1090 fee
Dr. Sreedhar Singh,Orthopedist,"FRCS - Trauma & Orthopedic Surgery, FRCS - General Surgery, FRCS - General Surgery, MBBS",33 Years Experience Overall  (28 years as specialist),"Hebbal, Bangalore",Bangalore,92%,(1653 votes),₹ 800 fee
Dr. Mohan Puttaswamy,Orthopedist,"MBBS, MS - Orthopaedics",20 Years Experience Overall  (16 years as specialist),"Bannerghatta Road, Bangalore",Bangalore,97%,(660 votes),₹ 750 fee
Dr. Pradeep A Ramesh,Orthopedist,"MBBS, MS - Orthopaedics",15 Years Experience Overall  (11 years as specialist),"Banashankari, Bangalore",Bangalore,92%,(13 votes),₹ 500 fee
Dr. GL Joel Prasad,Orthopedist,"MBBS, Diploma in Orthopaedics, DNB - Orthopedics/Orthopedic Surgery",11 Years Experience Overall  (6 years as specialist),"Whitefield, Bangalore",Bangalore,97%,(58 votes),₹ 600 fee
Dr. Prashanth KK,Orthopedist,"MBBS, Diploma in Orthopaedics",20 Years Experience Overall  (16 years as specialist),"Kanakpura Road, Bangalore",Bangalore,100%,(18 votes),₹ 600 fee
Dr. Venugopal B,Orthopedist,"MBBS, Diploma in Orthopaedics, DNB - Orthopedics/Orthopedic Surgery",19 Years Experience Overall,"Bannerghatta Road, Bangalore",Bangalore,94%,(49 votes),₹ 850 fee
Dr. Surendranath Shetty B,Orthopedist,"MBBS, MS - Orthopaedics",43 Years Experience Overall  (37 years as specialist),"Jayanagar, Bangalore",Bangalore,94%,(49 votes),₹ 750 fee
Dr. Rajashekhar K T,Orthopedist,"MBBS, MS - Orthopaedics",22 Years Experience Overall  (21 years as specialist),"Bannerghatta Road, Bangalore",Bangalore,96%,(23 votes),₹ 850 fee
Dr. Kapendra,Orthopedist,"MS - Orthopaedics, MBBS",13 Years Experience Overall  (9 years as specialist),"Kundalahalli, Bangalore",Bangalore,64%,(22 votes),₹ 700 fee
Dr. Subodh M Shetty,Orthopedist,"MBBS, MS - Orthopaedics",31 Years Experience Overall  (26 years as specialist),"Koramangala, Bangalore",Bangalore,89%,(547 votes),₹ 600 fee
Dr. Thirumalesh K Reddy,Orthopedist,"MBBS, MS - Orthopaedics",28 Years Experience Overall  (21 years as specialist),"Hebbal, Bangalore",Bangalore,87%,(30 votes),₹ 1000 fee
Dr. Sharath Chandra H,Orthopedist,"MBBS, MS - Orthopaedics",33 Years Experience Overall  (29 years as specialist),"Jayanagar, Bangalore",Bangalore,100%,(61 votes),₹ 700 fee
Dr. Sunil G Kini,Orthopedist,"MBBS, MS - Orthopaedics, DNB - Orthopedics/Orthopedic Surgery, M.Ch - Orthopaedics, MNAMS - Orthopaedics",22 Years Experience Overall  (15 years as specialist),"Old Airport Road, Bangalore",Bangalore,95%,(589 votes),₹ 1100 fee
Dr. Sharath K.R,Orthopedist,"DNB - Orthopedics/Orthopedic Surgery, MS - Orthopaedics, MBBS",15 Years Experience Overall  (13 years as specialist),"Jayanagar, Bangalore",Bangalore,100%,(35 votes),₹ 800 fee
Dr. Santhosh C Reddy,Orthopedist,"MBBS, DNB - Orthopedics/Orthopedic Surgery",5 Years Experience Overall,"Koramangala 1 Block, Bangalore",Bangalore,100%,(35 votes),₹ 1000 fee
Dr. Hemant K. Kalyan,Orthopedist,"MBBS, MS - Orthopaedics, Diploma in Orthopaedics, FCPS - Orthopedic",33 Years Experience Overall,"Old Airport Road, Bangalore",Bangalore,89%,(256 votes),₹ 1100 fee
Dr. Basavaraj C M,Orthopedist,"Diploma in Orthopaedics, DNB - Orthopedics/Orthopedic Surgery, MRCS (UK), FRCS - Trauma & Orthopedic Surgery",26 Years Experience Overall  (25 years as specialist),"Kengeri, Bangalore",Bangalore,100%,(28 votes),₹ 500 fee
Dr. Abhijit Chavan,Orthopedist,"DNB - Orthopedics/Orthopedic Surgery, MBBS",19 Years Experience Overall  (12 years as specialist),"Whitefield, Bangalore",Bangalore,91%,(58 votes),₹ 850 fee
Dr. Yogish Vijaya Kumar,Orthopedist,"MBBS, MS - Orthopaedics",24 Years Experience Overall  (19 years as specialist),"Jayanagar 9 Block, Bangalore",Bangalore,91%,(78 votes),₹ 650 fee
Dr. Ahmed Rayan Jelani,Orthopedist,"MBBS, MS - Orthopaedics",14 Years Experience Overall  (9 years as specialist),"Richmond Town, Bangalore",Bangalore,94%,(18 votes),₹ 600 fee
Dr. Vidya Sagar,Orthopedist,"MBBS, MS - Orthopaedics",17 Years Experience Overall  (10 years as specialist),"Jayanagar, Bangalore",Bangalore,94%,(18 votes),₹ 750 fee
Dr. Sanjay Prasad Hegde,Orthopedist,"MBBS, MS - Orthopaedics",32 Years Experience Overall  (28 years as specialist),"Whitefield, Bangalore",Bangalore,83%,(54 votes),₹ 850 fee
Dr. Alagu Pandiyan,Orthopedist,"MBBS, Diploma in Orthopaedics, DNB - Orthopedics/Orthopedic Surgery",16 Years Experience Overall  (10 years as specialist),"Yeshwanthpur, Bangalore",Bangalore,83%,(54 votes),₹ 750 fee
Dr. Rahul Puri,Orthopedist,"MBBS, MS - Orthopaedics",17 Years Experience Overall  (12 years as specialist),"Jayanagar, Bangalore",Bangalore,83%,(54 votes),₹ 750 fee
Dr. Ravindran R,Orthopedist,"MBBS, Diploma in Orthopaedics",20 Years Experience Overall  (15 years as specialist),"Ulsoor, Bangalore",Bangalore,100%,(27 votes),₹ 600 fee
Dr. Varun GBS,Orthopedist,"MBBS, MS - Orthopaedics, Fellow in Spine Surgery",15 Years Experience Overall  (10 years as specialist),"RT Nagar, Bangalore",Bangalore,90%,(31 votes),₹ 600 fee
Dr. Sheikh Mohammed Fahim,Orthopedist,"MBBS, MS - Orthopaedics",18 Years Experience Overall  (6 years as specialist),"Mahadevapura, Bangalore",Bangalore,100%,(36 votes),₹ 700 fee
Dr. Nakul H Shivaramaiah,Orthopedist,"MBBS, MS - Orthopaedics",13 Years Experience Overall  (7 years as specialist),"Indiranagar, Bangalore",Bangalore,100%,(37 votes),₹ 800 fee
Dr. Santoshkumar Hakkalamani,Orthopedist,"CCT - Trauma & Orthopaedic Surgery, MRCS (UK), MBBS, MS - Orthopaedics, FRCS - Trauma & Orthopedic Surgery",27 Years Experience Overall  (11 years as specialist),"Kengeri, Bangalore",Bangalore,93%,(14 votes),₹ 500 fee
Dr. Kumardev Arvind Rajamanya,Orthopedist,"MBBS, MS - Orthopaedics",16 Years Experience Overall  (15 years as specialist),"Whitefield, Bangalore",Bangalore,97%,(220 votes),₹ 700 fee
Dr. Raghu B V,Orthopedist,"MBBS, MS - Orthopaedics",15 Years Experience Overall  (6 years as specialist),"Padmanabhanagar, Bangalore",Bangalore,97%,(220 votes),₹ 600 fee
Dr. Sanjay Pai,Orthopedist,"MBBS, MS - Orthopaedics",35 Years Experience Overall,"Jayanagar, Bangalore",Bangalore,84%,(32 votes),₹ 1000 fee
Dr. Somashekar S,Orthopedist,"MBBS, MS - Orthopaedics",29 Years Experience Overall  (23 years as specialist),"Basavanagudi, Bangalore",Bangalore,84%,(32 votes),₹ 650 fee
Dr. Raghavendra Reddy,Orthopedist,"MBBS, MS - Orthopaedics",12 Years Experience Overall  (11 years as specialist),"Whitefield, Bangalore",Bangalore,84%,(32 votes),₹ 850 fee
Dr. Ajeya Deshpande,Orthopedist,"MBBS, DNB - Orthopedics/Orthopedic Surgery, Diploma in Orthopaedics",11 Years Experience Overall  (6 years as specialist),"Begur, Bangalore",Bangalore,84%,(32 votes),₹ 650 fee
Dr. Rajeev Ghat,Orthopedist,"MBBS, MS - Orthopaedics",27 Years Experience Overall  (21 years as specialist),"Bellandur, Bangalore",Bangalore,98%,(199 votes),₹ 700 fee
Dr. J V Srinivas,Orthopedist,"MBBS, MS - Orthopaedics",26 Years Experience Overall  (22 years as specialist),"JP Nagar, Bangalore",Bangalore,100%,(14 votes),₹ 1000 fee
Dr. Vidyashankar,Orthopedist,"MBBS, MS - Orthopaedics",33 Years Experience Overall  (30 years as specialist),"Jayanagar 9 Block, Bangalore",Bangalore,100%,(14 votes),₹ 650 fee
Dr. Nataraj H M,Orthopedist,"MBBS, MS - Orthopaedics",17 Years Experience Overall  (13 years as specialist),"Sarjapur Road, Bangalore",Bangalore,98%,(83 votes),₹ 500 fee
Dr. Srimanth B S,Orthopedist,"MBBS, MS - Orthopaedics, DNB - Orthopedics/Orthopedic Surgery",11 Years Experience Overall  (10 years as specialist),"Jayanagar, Bangalore",Bangalore,98%,(83 votes),₹ 800 fee
Dr. Lokesh A Veerappa,Orthopedist,"MBBS, MS - Orthopaedics",24 Years Experience Overall  (18 years as specialist),"Old Airport Road, Bangalore",Bangalore,96%,(139 votes),₹ 1100 fee
Dr. Sushal Shanthakumar,Orthopedist,"MBBS, MS - Orthopaedics",19 Years Experience Overall  (14 years as specialist),"Old Airport Road, Bangalore",Bangalore,99%,(138 votes),₹ 1100 fee
Dr. Lokesh,Orthopedist,"MBBS, DNB - Orthopedics/Orthopedic Surgery",16 Years Experience Overall  (11 years as specialist),"HSR Layout, Bangalore",Bangalore,99%,(138 votes),₹ 800 fee
Dr. J. Lakshmikanth,Orthopedist,"MBBS, MS - Orthopaedics, FRCS - Trauma & Orthopedic Surgery, Fellow in Spine Surgery",33 Years Experience Overall,"Sarjapur Road, Bangalore",Bangalore,97%,(65 votes),₹ 850 fee
Dr. Vimal Kumar Dakour,Orthopedist,"MBBS, Diploma in Orthopaedics, DNB - Orthopedics/Orthopedic Surgery",19 Years Experience Overall  (13 years as specialist),"Lajpat Nagar, Delhi",Delhi,97%,(116 votes),₹ 600 fee
Dr. Madhur Mahna,Orthopedist,"MBBS, DNB - Orthopedics/Orthopedic Surgery",13 Years Experience Overall  (9 years as specialist),"Rajouri Garden, Delhi",Delhi,89%,(174 votes),₹ 600 fee
Dr. Parvinder Singh Arora,Orthopedist,"DNB - Orthopedics/Orthopedic Surgery, MBBS",17 Years Experience Overall  (10 years as specialist),"Dwarka Sector 19, Delhi",Delhi,89%,(174 votes),₹ 1000 fee
Dr. Om Prakash Gupta,Orthopedist,"MS - Orthopaedics, MBBS",18 Years Experience Overall  (14 years as specialist),"Dwarka Sector 19, Delhi",Delhi,73%,(11 votes),₹ 1000 fee
Dr. Neelabh,Orthopedist,"MBBS, Diploma in Orthopaedics, DNB - Orthopedics/Orthopedic Surgery",28 Years Experience Overall  (27 years as specialist),"Pusa Road, Delhi",Delhi,73%,(11 votes),₹ 1200 fee
Dr. Puneet Mishra,Orthopedist,"MBBS, MS - Orthopaedics",23 Years Experience Overall  (20 years as specialist),"Shalimar Bagh, Delhi",Delhi,73%,(11 votes),₹ 1000 fee
Dr. Prof. Vipul Vijay,Orthopedist,"MBBS, MS - Orthopaedics",17 Years Experience Overall  (12 years as specialist),"Mayur Vihar Ph-II, Delhi",Delhi,99%,(616 votes),₹ 800 fee
Dr. V K Sahni,Orthopedist,"MBBS, MS - Orthopaedics",39 Years Experience Overall  (33 years as specialist),"Pitampura, Delhi",Delhi,96%,(665 votes),₹ 900 fee
Dr. Deepak Chaudhary,Orthopedist,"MBBS, MS - Orthopaedics",40 Years Experience Overall  (33 years as specialist),"Pusa Road, Delhi",Delhi,96%,(665 votes),₹ 1700 fee
Dr. Praveen Tittal,Orthopedist,"MS - Orthopaedics, MBBS",23 Years Experience Overall  (16 years as specialist),"Dwarka Sector 6, Delhi",Delhi,96%,(47 votes),₹ 700 fee
Dr. Shiv Chouksey,Orthopedist,"MBBS, MS - Orthopaedics, M.Ch - Orthopaedics",15 Years Experience Overall  (9 years as specialist),"Pusa Road, Delhi",Delhi,96%,(47 votes),₹ 1100 fee
Dr. Vivek Mittal,Orthopedist,"MBBS, MS - Orthopaedics",30 Years Experience Overall,"Pusa Road, Delhi",Delhi,96%,(47 votes),₹ 1500 fee
Dr. Abhishek Kumar Mishra,Orthopedist,"MBBS, MS - Orthopaedics",26 Years Experience Overall  (19 years as specialist),"Hauz Khas, Delhi",Delhi,97%,(444 votes),₹ 1200 fee
Dr. Yash Gulati,Orthopedist,"MS - Orthopaedics, M.Ch - Orthopaedics, MBBS",33 Years Experience Overall,"Sarita Vihar, Delhi",Delhi,85%,(99 votes),₹ 1500 fee
Dr. Sankalp Bali,Orthopedist,"MBBS, DNB - Orthopedics/Orthopedic Surgery",23 Years Experience Overall  (17 years as specialist),"Model Town 1, Delhi",Delhi,98%,(639 votes),₹ 700 fee
Dr. Rakesh Mahajan,Orthopedist,"MBBS, Diploma in Orthopaedics, DNB - Orthopedics/Orthopedic Surgery",39 Years Experience Overall  (35 years as specialist),"Pusa Road, Delhi",Delhi,63%,(24 votes),₹ 1500 fee
Dr. Sudhir Seth,Orthopedist,"MBBS, MS - Orthopaedics, DNB - Orthopedics/Orthopedic Surgery",41 Years Experience Overall  (36 years as specialist),"CR Park, Delhi",Delhi,83%,(183 votes),₹ 1000 fee
Dr. S Mahanta,Orthopedist,"MBBS, MS - Orthopaedics, DNB - Orthopedics/Orthopedic Surgery",27 Years Experience Overall  (20 years as specialist),"Dwarka, Delhi",Delhi,95%,(310 votes),₹ 700 fee
Dr. Pardeep Bageja,Orthopedist,"DNB - Orthopedics/Orthopedic Surgery, MBBS",28 Years Experience Overall  (21 years as specialist),"Patel Nagar West, Delhi",Delhi,89%,(330 votes),₹ 900 fee
Dr. Atul Kumar Garg,Orthopedist,"MBBS, MS - Orthopaedics",23 Years Experience Overall  (17 years as specialist),"Rohini, Delhi",Delhi,99%,(171 votes),₹ 700 fee
Dr. Raman Jain,Orthopedist,"MBBS, MS - Orthopaedics",23 Years Experience Overall  (16 years as specialist),"Rohini, Delhi",Delhi,96%,(226 votes),₹ 800 fee
Dr. Darsh Goyal,Orthopedist,"MBBS, MS - Orthopaedics, Fellowship in Arthroscopy & Sports Injury",18 Years Experience Overall  (8 years as specialist),"Janakpuri, Delhi",Delhi,96%,(161 votes),₹ 500 fee
Dr. Prof. Amit Kumar Agarwal,Orthopedist,"MS - Orthopaedics, M.Ch - Orthopaedics, DNB - Orthopedics/Orthopedic Surgery, MBBS",19 Years Experience Overall  (14 years as specialist),"Sarita Vihar, Delhi",Delhi,98%,(260 votes),₹ 1500 fee
Dr. Lalit K Garg,Orthopedist,"MBBS, MS - Orthopaedics",17 Years Experience Overall  (12 years as specialist),"Vasant Kunj, Delhi",Delhi,90%,(246 votes),₹ 800 fee
Dr. Kamal Bachani,Orthopedist,"MBBS, MS - Orthopaedics",33 Years Experience Overall  (29 years as specialist),"Malviya Nagar, Delhi",Delhi,96%,(451 votes),₹ 1500 fee
Dr. Aditya Kumar Singhal,Orthopedist,"MBBS, MS - Orthopaedics, M.Ch - Orthopaedics",12 Years Experience Overall  (8 years as specialist),"Rohini Sector 7, Delhi",Delhi,89%,(36 votes),₹ 800 fee
Dr. Kunal Aneja,Orthopedist,"MBBS, MS - Orthopaedics, DNB - Orthopedics/Orthopedic Surgery, MNAMS - Orthopaedics, FICS, Fellow of American College of Surgeons(FACS)",10 Years Experience Overall  (7 years as specialist),"Rohini, Delhi",Delhi,100%,(17 votes),₹ 800 fee
Dr. Sunny Chopra,Orthopedist,"MBBS, MS - Orthopaedics",13 Years Experience Overall  (9 years as specialist),"Moti Nagar, Delhi",Delhi,90%,(332 votes),₹ 800 fee
Dr. Hari Kishan,Orthopedist,"MBBS, MS - Orthopaedics",12 Years Experience Overall  (6 years as specialist),"Dwarka Sector 7, Delhi",Delhi,100%,(41 votes),₹ 700 fee
Dr. Abhishek Vaish,Orthopedist,"MBBS, MS - Orthopaedics, DNB - Orthopedics/Orthopedic Surgery",11 Years Experience Overall  (7 years as specialist),"Sukhdev Vihar, Delhi",Delhi,98%,(63 votes),₹ 1000 fee
Dr. Harmesh Kapoor,Orthopedist,"MBBS, MS - Orthopaedics, DNB - Orthopedics/Orthopedic Surgery",27 Years Experience Overall  (22 years as specialist),"Paschim Vihar, Delhi",Delhi,93%,(42 votes),₹ 800 fee
Dr. Rajnish Sethi,Orthopedist,"MBBS, DNB - Orthopedics/Orthopedic Surgery",21 Years Experience Overall  (11 years as specialist),"Dwarka Sector 8, Delhi",Delhi,96%,(96 votes),₹ 800 fee
Dr. Vipul Khera,Orthopedist,"MBBS, Diploma in Orthopaedics",25 Years Experience Overall  (21 years as specialist),"Paschim Vihar, Delhi",Delhi,91%,(147 votes),₹ 800 fee
Dr. Dharmesh Khatri,Orthopedist,"MS - Orthopaedics, MBBS",16 Years Experience Overall,"Paschim Vihar, Delhi",Delhi,94%,(16 votes),₹ 800 fee
Dr. Saurabh Rawall,Orthopedist,"MBBS, MS - Orthopaedics, FNB - Spine Surgery",18 Years Experience Overall  (14 years as specialist),"Sarita Vihar, Delhi",Delhi,97%,(391 votes),₹ 1500 fee
Dr. D.K. Das,Orthopedist,"MBBS, MS - Orthopaedics",27 Years Experience Overall  (18 years as specialist),"CR Park, Delhi",Delhi,84%,(67 votes),₹ 1200 fee
Dr. (Prof) Raju Vaishya,Orthopedist,"MBBS, MS - Orthopaedics, FRCS - General Surgery",41 Years Experience Overall  (36 years as specialist),"Sarita Vihar, Delhi",Delhi,87%,(82 votes),₹ 1500 fee
Dr. Ashish Chopra,Orthopedist,"MBBS, Diploma in Orthopaedics, DNB - Orthopedics/Orthopedic Surgery, MNAMS - Orthopaedics",11 Years Experience Overall  (7 years as specialist),"East Of Kailash, Delhi",Delhi,100%,(36 votes),₹ 700 fee
Dr. Barjinder Singh,Orthopedist,"MBBS, DNB - Orthopedics/Orthopedic Surgery",30 Years Experience Overall  (24 years as specialist),"Pusa Road, Delhi",Delhi,96%,(1065 votes),₹ 1100 fee
Dr. Ankur Goyal,Orthopedist,"MBBS, MS - Orthopaedics",9 Years Experience Overall  (4 years as specialist),"Malviya Nagar, Delhi",Delhi,98%,(42 votes),₹ 700 fee
Dr. Amite Pankaj Aggarwal,Orthopedist,"MBBS, MS - Orthopaedics, DNB - Orthopedics/Orthopedic Surgery",26 Years Experience Overall  (21 years as specialist),"Shalimar Bagh, Delhi",Delhi,96%,(227 votes),₹ 1200 fee
Dr. Sushil Sharma,Orthopedist,"MBBS, Diploma in Orthopaedics",38 Years Experience Overall  (35 years as specialist),"Mayur Vihar Ph-II, Delhi",Delhi,93%,(244 votes),₹ 700 fee
Dr. Amit Kumar Srivastava,Orthopedist,"MBBS, MS - Orthopaedics",22 Years Experience Overall  (17 years as specialist),"Patparganj, Delhi",Delhi,93%,(244 votes),₹ 1000 fee
Dr. Ankur Sharma,Orthopedist,"MBBS, MS - Orthopaedics",11 Years Experience Overall  (6 years as specialist),"Rohini Sector 24, Delhi",Delhi,93%,(244 votes),₹ 500 fee
Dr. Anuj Gupta,Orthopedist,"MBBS, MS - Orthopaedics, DNB - Orthopedics/Orthopedic Surgery",11 Years Experience Overall  (6 years as specialist),"Saket, Delhi",Delhi,100%,(36 votes),₹ 800 fee
Dr. Lalit,Orthopedist,"MBBS, MS - Orthopaedics",11 Years Experience Overall  (4 years as specialist),"Green Park, Delhi",Delhi,100%,(26 votes),₹ 1500 fee
Dr. Hitesh Bhandari,Orthopedist,"MBBS, MS - Orthopaedics",5 Years Experience Overall  (4 years as specialist),"Greater Kailash Part 1, Delhi",Delhi,100%,(26 votes),₹ 1200 fee
Dr. Vivek Agarwal,Orthopedist,"MBBS, DNB - Orthopedics/Orthopedic Surgery",32 Years Experience Overall  (26 years as specialist),"Chitra Vihar, Delhi",Delhi,88%,(65 votes),₹ 800 fee
Dr. Akhilesh Rathi,Orthopedist,"MBBS, MS - Orthopaedics, DNB - Orthopedics/Orthopedic Surgery",17 Years Experience Overall  (12 years as specialist),"Dwarka, Delhi",Delhi,98%,(673 votes),₹ 800 fee
Dr. Nipun Bajaj,Orthopedist,"DNB - Orthopedics/Orthopedic Surgery, FNB - Spine Surgery, MNAMS - Orthopaedics",15 Years Experience Overall  (12 years as specialist),"Greater Kailash Part 1, Delhi",Delhi,98%,(673 votes),₹ 1000 fee
Dr. Amit Chugh,Orthopedist,"MBBS, MS - Orthopaedics",8 Years Experience Overall  (3 years as specialist),"Sarita Vihar, Delhi",Delhi,98%,(673 votes),₹ 1000 fee
Dr. Punit Kumar Jain,Orthopedist,"MBBS, MS - Orthopaedics, DNB - Orthopedics/Orthopedic Surgery",25 Years Experience Overall  (21 years as specialist),"Shalimar Bagh, Delhi",Delhi,92%,(12 votes),₹ 1200 fee
Dr. Harsh Bhargava,Orthopedist,"MBBS, MS - Orthopaedics",42 Years Experience Overall  (38 years as specialist),"Sarita Vihar, Delhi",Delhi,94%,(142 votes),₹ 2000 fee
Dr. Nikhil Verma,Orthopedist,"MBBS, MS - Orthopaedics, DNB - Orthopedics/Orthopedic Surgery",13 Years Experience Overall  (8 years as specialist),"Model Town 3, Delhi",Delhi,97%,(67 votes),₹ 800 fee
Dr. Gurdeep Singh Uppal,Orthopedist,"MBBS, DNB - Orthopedics/Orthopedic Surgery",46 Years Experience Overall  (28 years as specialist),"Dwarka, Delhi",Delhi,92%,(183 votes),₹ 700 fee
Dr. Gaurav Rastogi,Orthopedist,"MBBS, MS - Orthopaedics",16 Years Experience Overall  (11 years as specialist),"Dwarka Sector 6, Delhi",Delhi,92%,(183 votes),₹ 900 fee
Dr. Rajesh Verma,Orthopedist,"MD - Physician, DNB - Orthopedics/Orthopedic Surgery",18 Years Experience Overall  (16 years as specialist),"Pusa Road, Delhi",Delhi,92%,(183 votes),₹ 1800 fee
Dr. Neetan Sachdeva,Orthopedist,"DNB - Orthopedics/Orthopedic Surgery, Diploma in Orthopaedics, MBBS",25 Years Experience Overall  (22 years as specialist),"Pitampura, Delhi",Delhi,96%,(151 votes),₹ 900 fee
Dr. Rajagopalan Krishnan,Orthopedist,"MBBS, MS - Orthopaedics",47 Years Experience Overall  (42 years as specialist),"Sarita Vihar, Delhi",Delhi,96%,(151 votes),₹ 2000 fee
Dr. Gaurav Govil,Orthopedist,"MBBS, MS - Orthopaedics",23 Years Experience Overall  (21 years as specialist),"Patparganj, Delhi",Delhi,96%,(151 votes),₹ 800 fee
Dr. M N Sehar,Orthopedist,"MBBS, Diploma in Orthopaedics",42 Years Experience Overall  (38 years as specialist),"Sarita Vihar, Delhi",Delhi,96%,(151 votes),₹ 2000 fee
Dr. Vinod Sukhijha,Orthopedist,"MBBS, MS - Orthopaedics",48 Years Experience Overall  (42 years as specialist),"Sarita Vihar, Delhi",Delhi,96%,(151 votes),₹ 1500 fee
Dr. Lalit Bafna,Orthopedist,"MBBS, MS - Orthopaedics, DNB - Orthopedics/Orthopedic Surgery, FNB - Sports Medicine",12 Years Experience Overall  (8 years as specialist),"Greater Kailash Part 1, Delhi",Delhi,100%,(126 votes),₹ 1400 fee
Dr. Lalit Kumar Lohia,Orthopedist,"MBBS, MS - Orthopaedics",17 Years Experience Overall  (11 years as specialist),"Dwarka Sector 6, Delhi",Delhi,100%,(126 votes),₹ 900 fee
Dr. Satyanarain,Orthopedist,"MBBS, Diploma in Orthopaedics",19 Years Experience Overall  (17 years as specialist),"Shalimar Bagh, Delhi",Delhi,100%,(126 votes),₹ 700 fee
Dr. Chander Shekar,Orthopedist,"MBBS, MS - Orthopaedics",43 Years Experience Overall  (36 years as specialist),"Sarita Vihar, Delhi",Delhi,100%,(126 votes),₹ 1500 fee
Dr. Kaushal Kant Mishra,Orthopedist,"MS - Orthopaedics, MBBS",23 Years Experience Overall  (18 years as specialist),"Safdarjung Enclave, Delhi",Delhi,57%,(14 votes),₹ 2000 fee
Dr. Havind Tandon,Orthopedist,"MBBS, MS - Orthopaedics",32 Years Experience Overall  (27 years as specialist),"Sarita Vihar, Delhi",Delhi,57%,(14 votes),₹ 2500 fee
Dr. Yatinder Kharbanda,Orthopedist,"MBBS, Diploma in Orthopaedics, DNB - Orthopedics/Orthopedic Surgery, MS - Orthopaedics",36 Years Experience Overall  (35 years as specialist),"Sarita Vihar, Delhi",Delhi,57%,(14 votes),₹ 1500 fee
Dr. Nargesh Agrawal,Orthopedist,"MS - Orthopaedics, MBBS",16 Years Experience Overall  (10 years as specialist),"Pusa Road, Delhi",Delhi,57%,(14 votes),₹ 1100 fee
Dr. Akshay Tiwari,Orthopedist,"MBBS, MS - Orthopaedics",18 Years Experience Overall,"Saket, Delhi",Delhi,57%,(14 votes),₹ 1200 fee
Dr. Deepak Arora,Orthopedist,"MBBS, MS - Orthopaedics",17 Years Experience Overall  (11 years as specialist),"Patparganj, Delhi",Delhi,57%,(14 votes),₹ 800 fee
Dr. Sanjay Bobal,Orthopedist,"MBBS, MS - Orthopaedics",22 Years Experience Overall  (20 years as specialist),"Rohini, Delhi",Delhi,88%,(17 votes),₹ 500 fee
Dr. Sourabh Shah,Orthopedist,"MBBS, DNB - Orthopedics/Orthopedic Surgery, Diploma in Orthopaedics",14 Years Experience Overall  (10 years as specialist),"Dwarka Sector 6, Delhi",Delhi,95%,(21 votes),₹ 700 fee
Dr. Amarjit Singh,Orthopedist,"MBBS, MS - Orthopaedics, DNB - Orthopedics/Orthopedic Surgery",19 Years Experience Overall,"Shalimar Bagh, Delhi",Delhi,95%,(21 votes),₹ 700 fee
Dr. Kulbhushan Attri,Orthopedist,"MBBS, MS - Orthopaedics",45 Years Experience Overall  (39 years as specialist),"Sarita Vihar, Delhi",Delhi,95%,(21 votes),₹ 1500 fee
Dr. Rakesh Kumar,Orthopedist,"MBBS, MS - Orthopaedics",23 Years Experience Overall  (17 years as specialist),"Karol Bagh, Delhi",Delhi,95%,(21 votes),₹ 1050 fee
Dr. Rajesh Bawari,Orthopedist,"MBBS, Diploma in Anesthesiology, MS - Orthopaedics",33 Years Experience Overall  (25 years as specialist),"Saket, Delhi",Delhi,91%,(11 votes),₹ 1400 fee
Dr. Ishwar Bohra,Orthopedist,"MBBS, MS - Orthopaedics",23 Years Experience Overall  (18 years as specialist),"Pusa Road, Delhi",Delhi,73%,(11 votes),₹ 1500 fee
Dr. Vibhu Bahl,Orthopedist,"MS - Orthopaedics, MBBS",23 Years Experience Overall  (16 years as specialist),"Sarita Vihar, Delhi",Delhi,73%,(11 votes),₹ 1200 fee
Dr. Rajeev Verma,Orthopedist,"MBBS, MS - Orthopaedics, MRCS (UK)",23 Years Experience Overall  (21 years as specialist),"Dwarka Sector 6, Delhi",Delhi,89%,(122 votes),₹ 900 fee
Dr. Mannu Bhatia,Orthopedist,"DNB - Orthopedics/Orthopedic Surgery, MBBS",21 Years Experience Overall  (10 years as specialist),"Shalimar Bagh, Delhi",Delhi,89%,(122 votes),₹ 1200 fee
Dr. Saksham Mittal,Orthopedist,"MBBS, MS - Orthopaedics",9 Years Experience Overall  (6 years as specialist),"Paschim Vihar, Delhi",Delhi,100%,(21 votes),₹ 600 fee
Dr. Ritesh Dang,Orthopedist,"MBBS, DNB - Orthopedics/Orthopedic Surgery, Diploma in Orthopaedics",21 Years Experience Overall  (19 years as specialist),"Shalimar Bagh, Delhi",Delhi,100%,(16 votes),₹ 1000 fee
Dr. Harshavardhan Hegde,Orthopedist,"MBBS, MS - Orthopaedics",40 Years Experience Overall  (35 years as specialist),"Saket, Delhi",Delhi,94%,(32 votes),₹ 1500 fee
Dr. Anoop Bandil,Orthopedist,"MBBS, DNB - Orthopedics/Orthopedic Surgery",14 Years Experience Overall  (12 years as specialist),"Sarita Vihar, Delhi",Delhi,94%,(32 votes),₹ 1500 fee
Dr. Chetan Chaudhary,Orthopedist,"MBBS, MS - Orthopaedics",34 Years Experience Overall  (30 years as specialist),"Nehru Place, Delhi",Delhi,94%,(32 votes),₹ 2000 fee
Dr. Puneet Girdhar,Orthopedist,"MBBS, MS - Orthopaedics",25 Years Experience Overall  (19 years as specialist),"Pusa Road, Delhi",Delhi,94%,(32 votes),₹ 2200 fee
Dr. Yashwant Singh Tanwar,Orthopedist,"MBBS, MS - Orthopaedics",17 Years Experience Overall  (13 years as specialist),"Sarita Vihar, Delhi",Delhi,94%,(32 votes),₹ 1500 fee
Dr. Vinod Kumar Sabharwal,Orthopedist,"DNB - Orthopedics/Orthopedic Surgery, Diploma in Orthopaedics, MBBS",42 Years Experience Overall  (41 years as specialist),"Dwarka Sector 12, Delhi",Delhi,94%,(32 votes),₹ 1000 fee
Dr. Bhupendra Pratap Bharti,Orthopedist,"MBBS, MS - Orthopaedics",19 Years Experience Overall  (14 years as specialist),"Pusa Road, Delhi",Delhi,94%,(32 votes),₹ 1800 fee
Dr. Shivam Tiwari,Orthopedist,"MBBS, DNB - Orthopedics/Orthopedic Surgery",9 Years Experience Overall  (5 years as specialist),"Pusa Road, Delhi",Delhi,94%,(32 votes),₹ 1100 fee
Dr. Palash Gupta,Orthopedist,"MBBS, MS - Orthopaedics",28 Years Experience Overall  (23 years as specialist),"Shalimar Bagh, Delhi",Delhi,72%,(32 votes),₹ 1000 fee
Dr. Neeraj Gupta,Orthopedist,"MBBS, Diploma in Orthopaedics, DNB - Orthopedics/Orthopedic Surgery, FNB - Spine Surgery",24 Years Experience Overall  (20 years as specialist),"Dwarka Sector 12, Delhi",Delhi,72%,(32 votes),₹ 1500 fee
Dr. Naveen Talwar,Orthopedist,"MBBS, MS - Orthopaedics",32 Years Experience Overall,"Safdarjung Enclave, Delhi",Delhi,85%,(13 votes),₹ 2000 fee
Dr. Neeraj Godara,Orthopedist,"MBBS, MS - Orthopaedics, FNB - Hand and Microsurgery",10 Years Experience Overall  (7 years as specialist),"Dwarka Sector 19, Delhi",Delhi,85%,(13 votes),₹ 700 fee
Dr. Rajeev Jain,Orthopedist,"MBBS, MS - Orthopaedics",41 Years Experience Overall  (34 years as specialist),"Patparganj, Delhi",Delhi,85%,(13 votes),₹ 1000 fee
Dr. Raj Kumar,Orthopedist,"MBBS, MS - Orthopaedics",47 Years Experience Overall  (41 years as specialist),"Rohini, Delhi",Delhi,96%,(306 votes),₹ 800 fee
Dr. Sumeet Rastogi,Orthopedist,"MBBS, DNB - Orthopedics/Orthopedic Surgery",20 Years Experience Overall,"Saket, Delhi",Delhi,96%,(306 votes),₹ 1200 fee
Dr. Manish Arora,Orthopedist,"MBBS, Diploma in Orthopaedics, DNB - Orthopedics/Orthopedic Surgery",19 Years Experience Overall  (15 years as specialist),"Shalimar Bagh, Delhi",Delhi,96%,(306 votes),₹ 1000 fee
Dr. Akram Jawed,Orthopedist,"MBBS, MS - Orthopaedics",15 Years Experience Overall,"Saket, Delhi",Delhi,95%,(81 votes),₹ 1200 fee
Dr. Abhijit Tayade,Orthopedist,"MBBS, MS - Orthopaedics",10 Years Experience Overall  (6 years as specialist),"Greater Kailash Part 1, Delhi",Delhi,100%,(11 votes),₹ 1000 fee
Dr. Ramneek Mahajan,Orthopedist,"MBBS, MS - Orthopaedics",24 Years Experience Overall  (20 years as specialist),"Saket, Delhi",Delhi,100%,(11 votes),₹ 1500 fee
Dr. Vikram Khanna,Orthopedist,"MBBS, Diploma in Orthopaedics, DNB - Orthopedics/Orthopedic Surgery",13 Years Experience Overall  (10 years as specialist),"Dwarka Sector 3, Delhi",Delhi,100%,(11 votes),₹ 600 fee
Dr. Sunil Katoch,Orthopedist,"MBBS, Diploma in Orthopaedics",34 Years Experience Overall,"Saket, Delhi",Delhi,100%,(11 votes),₹ 1200 fee
Dr. Ashish Jain,Orthopedist,"MBBS, MS - Orthopaedics",28 Years Experience Overall  (22 years as specialist),"Shalimar Bagh, Delhi",Delhi,100%,(11 votes),₹ 1000 fee
Dr. Chandeep Singh,Orthopedist,"MBBS, MS - Orthopaedics",25 Years Experience Overall  (20 years as specialist),"Saket, Delhi",Delhi,100%,(11 votes),₹ 1200 fee
Dr. Gaurav Mittal,Orthopedist,"MBBS, Diploma in Orthopaedics",16 Years Experience Overall,"Shalimar Bagh, Delhi",Delhi,100%,(11 votes),₹ 600 fee
Dr. Shitij Kacker,Orthopedist,"MBBS, MS - Orthopaedics",18 Years Experience Overall  (17 years as specialist),"Saket, Delhi",Delhi,100%,(11 votes),₹ 1200 fee
Dr. Parv Mittal,Orthopedist,"MBBS, MS - Orthopaedics",8 Years Experience Overall  (4 years as specialist),"Jasola, Delhi",Delhi,100%,(11 votes),₹ 1000 fee
Dr. Suraj Prakash,Orthopedist,"MBBS, MS - Orthopaedics, M.Ch - Orthopaedics",28 Years Experience Overall  (27 years as specialist),"Saket, Delhi",Delhi,93%,(69 votes),₹ 1000 fee
Dr. Ankit Gupta,Orthopedist,"MBBS, MS - Orthopaedics",21 Years Experience Overall  (13 years as specialist),"Shastri Nagar, Delhi",Delhi,100%,(19 votes),₹ 500 fee
Dr. Rahul Sharma,Orthopedist,"MBBS, DNB - Orthopedics/Orthopedic Surgery",14 Years Experience Overall  (8 years as specialist),"Saket, Delhi",Delhi,96%,(105 votes),₹ 1200 fee
Dr. G K Agarwal,Orthopedist,"MBBS, MS - Orthopaedics",49 Years Experience Overall  (48 years as specialist),"Shalimar Bagh, Delhi",Delhi,100%,(16 votes),₹ 1200 fee
Dr. S. S. Sanyal,Orthopedist,"MBBS, Diploma in Orthopaedics, MS - Orthopaedics",45 Years Experience Overall  (42 years as specialist),"Sarita Vihar, Delhi",Delhi,87%,(15 votes),₹ 1500 fee
Dr. Gaurav Khera,Orthopedist,"MBBS, Diploma in Orthopaedics",19 Years Experience Overall  (13 years as specialist),"Karol Bagh, Delhi",Delhi,98%,(298 votes),₹ 1050 fee
Dr. Ankit Bhartia,Orthopedist,"MBBS, MS - Orthopaedics",15 Years Experience Overall  (11 years as specialist),"Dwarka Sector 3, Delhi",Delhi,98%,(1397 votes),₹ 700 fee
Dr. Nikunj Agrawal,Orthopedist,"MBBS, DNB - Orthopedics/Orthopedic Surgery",16 Years Experience Overall  (12 years as specialist),"Patparganj, Delhi",Delhi,95%,(44 votes),₹ 800 fee
Dr. Akhilesh Yadav,Orthopedist,"MBBS, MS - Orthopaedics",22 Years Experience Overall  (16 years as specialist),"Patparganj, Delhi",Delhi,97%,(145 votes),₹ 700 fee
Dr. Aditya Sharma,Orthopedist,"MBBS, MS - Orthopaedics",16 Years Experience Overall  (12 years as specialist),"Greater Kailash Part 1, Delhi",Delhi,92%,(48 votes),₹ 1000 fee
Dr. Hitin Mathur,Orthopedist,"MBBS, DNB - Orthopedics/Orthopedic Surgery",24 Years Experience Overall  (18 years as specialist),"Patparganj, Delhi",Delhi,96%,(156 votes),₹ 800 fee
Dr. Abhimanyu Singh,Orthopedist,"MS - Orthopaedics, MBBS",15 Years Experience Overall  (11 years as specialist),"Rohini, Delhi",Delhi,96%,(156 votes),₹ 2000 fee
Dr. Anil Raheja,Orthopedist,"MBBS, MS - Orthopaedics, M.Ch - Orthopaedics",26 Years Experience Overall  (25 years as specialist),"Karol Bagh, Delhi",Delhi,78%,(18 votes),₹ 1050 fee
Dr. Pankaj Walecha,Orthopedist,"MBBS, MS - Orthopaedics",22 Years Experience Overall  (16 years as specialist),"Karol Bagh, Delhi",Delhi,78%,(18 votes),₹ 1200 fee
Dr. Bhushan Naraini,Orthopedist,"MBBS, MS - Orthopaedics",24 Years Experience Overall  (20 years as specialist),"Pusa Road, Delhi",Delhi,78%,(18 votes),₹ 1500 fee
Dr. Naresh Agarwal,Orthopedist,"MBBS, DNB - Orthopedics/Orthopedic Surgery, MNAMS - Orthopaedics",17 Years Experience Overall  (11 years as specialist),"Paschim Puri, Delhi",Delhi,97%,(30 votes),₹ 200 fee
Dr. N. C. Gupta,Orthopedist,"MBBS, MS - Orthopaedics",57 Years Experience Overall  (52 years as specialist),"Kamla Nagar, Delhi",Delhi,97%,(30 votes),₹ 500 fee
Dr. Vaibhav Awasthi,Orthopedist,"MBBS, MS - Orthopaedics",16 Years Experience Overall  (10 years as specialist),"Vikas Puri, Delhi",Delhi,97%,(30 votes),₹ 500 fee
Dr. Kamal Dureja,Orthopedist,"MBBS, MS - Orthopaedics, Diploma in Tuberculosis and Chest Diseases (DTCD)",41 Years Experience Overall  (35 years as specialist),"Saket, Delhi",Delhi,93%,(82 votes),₹ 1500 fee
Dr. Biren Nadkarni,Orthopedist,"MBBS, MS - Orthopaedics",26 Years Experience Overall  (20 years as specialist),"Hauz Khas, Delhi",Delhi,97%,(513 votes),₹ 1200 fee
Dr. Ashish Taneja,Orthopedist,"MBBS, MS - Orthopaedics",19 Years Experience Overall  (15 years as specialist),"Janakpuri, Delhi",Delhi,97%,(148 votes),₹ 800 fee
Dr. Bharat Bahre,Orthopedist,"MBBS, MS - Orthopaedics",18 Years Experience Overall  (13 years as specialist),"Dwarka Sector 13, Delhi",Delhi,72%,(18 votes),₹ 800 fee
Dr. Sandeep Singh,Orthopedist,"MBBS, MS - Orthopaedics",22 Years Experience Overall  (21 years as specialist),"Chattarpur, Delhi",Delhi,96%,(24 votes),₹ 800 fee
Dr. Mohan Chand,Orthopedist,"MBBS, MS - Orthopaedics",22 Years Experience Overall  (16 years as specialist),"Patparganj, Delhi",Delhi,100%,(30 votes),₹ 700 fee
Dr. (Prof.) Anil Arora,Orthopedist,"MBBS, MS - Orthopaedics, DNB - Orthopedics/Orthopedic Surgery",36 Years Experience Overall  (32 years as specialist),"Patparganj, Delhi",Delhi,83%,(40 votes),₹ 1800 fee
Dr. Sharad Kumar Agarwal,Orthopedist,"MBBS, MS - Orthopaedics",38 Years Experience Overall  (37 years as specialist),"Patparganj, Delhi",Delhi,83%,(40 votes),₹ 1200 fee
Dr. Lalit Sagar,Orthopedist,"MBBS, MS - Orthopaedics",23 Years Experience Overall  (14 years as specialist),"Preet Vihar, Delhi",Delhi,83%,(40 votes),₹ 600 fee
Dr. Rakesh Chandra Arya,Orthopedist,"MBBS, MS - Orthopaedics",43 Years Experience Overall  (38 years as specialist),"Patparganj, Delhi",Delhi,83%,(40 votes),₹ 700 fee
Dr. Ramani Narasimhan,Orthopedist,"MBBS, MS - Orthopaedics",37 Years Experience Overall  (29 years as specialist),"Sarita Vihar, Delhi",Delhi,83%,(40 votes),₹ 1500 fee
Dr. Yash Bhatia,Orthopedist,"MS - Orthopaedics, MBBS",12 Years Experience Overall  (9 years as specialist),"New Rajendra Nagar, Delhi",Delhi,75%,(12 votes),₹ 1000 fee
Dr. Gaurav Prakash,Orthopedist,"MBBS, DNB - Orthopedics/Orthopedic Surgery, Diploma in Orthopaedics",17 Years Experience Overall  (11 years as specialist),"Patparganj, Delhi",Delhi,75%,(12 votes),₹ 700 fee
Dr. Anil K Suchdev,Orthopedist,"MBBS, MS - Orthopaedics",44 Years Experience Overall  (43 years as specialist),"Shalimar Bagh, Delhi",Delhi,75%,(12 votes),₹ 1000 fee
Dr. Raju Easwaran,Orthopedist,"MS - Orthopaedics, MBBS",20 Years Experience Overall  (19 years as specialist),"Shalimar Bagh, Delhi",Delhi,75%,(12 votes),₹ 1500 fee
Dr. Manoj Padman,Orthopedist,"MBBS, MS - Orthopaedics, DNB - Orthopedics/Orthopedic Surgery, FRCS - General Surgery, FRCS - Trauma & Orthopedic Surgery",27 Years Experience Overall  (25 years as specialist),"Malviya Nagar, Delhi",Delhi,97%,(391 votes),₹ 1700 fee
Dr. H.N. Bajaj,Orthopedist,"MS - Orthopaedics, Diploma in Orthopaedics, MBBS",40 Years Experience Overall  (36 years as specialist),"Saket, Delhi",Delhi,85%,(27 votes),₹ 1500 fee
Dr. L.Tomar,Orthopedist,"MBBS, MS - Orthopaedics",34 Years Experience Overall  (30 years as specialist),"Patparganj, Delhi",Delhi,50%,(18 votes),₹ 1200 fee
Dr. Saurabh Moda,Orthopedist,"MBBS, DNB - Orthopedics/Orthopedic Surgery",27 Years Experience Overall  (22 years as specialist),"Shalimar Bagh, Delhi",Delhi,100%,(14 votes),₹ 1000 fee
Dr. Vikas Gupta,Orthopedist,"MBBS, MS - Orthopaedics",31 Years Experience Overall  (27 years as specialist),"Saket, Delhi",Delhi,100%,(14 votes),₹ 1500 fee
Dr. Munish Choudhary,Orthopedist,"MBBS, MS - Orthopaedics",32 Years Experience Overall  (27 years as specialist),"Saket, Delhi",Delhi,100%,(14 votes),₹ 1200 fee
Dr. Amit Sinha,Orthopedist,"MBBS, Diploma in Orthopaedics",9 Years Experience Overall  (5 years as specialist),"Dwarka Sector 3, Delhi",Delhi,94%,(16 votes),₹ 600 fee
Dr. Ayush Tiwari,Orthopedist,"MBBS, MS - Orthopaedics",9 Years Experience Overall  (4 years as specialist),"Malviya Nagar, Delhi",Delhi,94%,(16 votes),₹ 500 fee
Dr. Sankalp Pande,Orthopedist,"MBBS, MS - Orthopaedics",14 Years Experience Overall  (9 years as specialist),"Malviya Nagar, Delhi",Delhi,94%,(16 votes),₹ 500 fee
Dr. Vikas Bhardwaj,Orthopedist,"MBBS, MS - Orthopaedics, DNB - Orthopedics/Orthopedic Surgery",12 Years Experience Overall,"Nirman Vihar, Delhi",Delhi,92%,(12 votes),₹ 800 fee
Dr. SKS Marya,Orthopedist,"MBBS, MS - Orthopaedics, DNB - Orthopedics/Orthopedic Surgery",42 Years Experience Overall  (38 years as specialist),"Saket, Delhi",Delhi,20%,(15 votes),₹ 1200 fee
Dr. Sumit,Orthopedist,"MS - Orthopaedics, MBBS",15 Years Experience Overall  (9 years as specialist),"Dwarka Sector 12, Delhi",Delhi,20%,(15 votes),₹ 1000 fee
Dr. Nishit Bhatnagar,Orthopedist,"MBBS, MS - Orthopaedics",12 Years Experience Overall  (8 years as specialist),"Siri Fort Road, Delhi",Delhi,20%,(15 votes),₹ 1000 fee
Dr. Hitesh Kubadia,Orthopedist,"MS - Orthopaedics, MBBS",21 Years Experience Overall  (20 years as specialist),"Dadar East, Mumbai",Mumbai,97%,(589 votes),₹ 2000 fee
Dr. Ajay Randive,Orthopedist,"MS - Orthopaedics, MBBS",28 Years Experience Overall  (23 years as specialist),"Mahim, Mumbai",Mumbai,84%,(25 votes),₹ 1300 fee
Dr. Kishore Manek,Orthopedist,"MBBS, MS - Orthopaedics",41 Years Experience Overall  (37 years as specialist),"Chembur East, Mumbai",Mumbai,92%,(13 votes),₹ 1200 fee
Dr. Kunal  Makhija,Orthopedist,"MS - Orthopaedics, MBBS",16 Years Experience Overall  (10 years as specialist),"Chembur, Mumbai",Mumbai,98%,(128 votes),₹ 1500 fee
Dr. Bhavin Shial,Orthopedist,"MS - Orthopaedics, MBBS",22 Years Experience Overall  (15 years as specialist),"Andheri West, Mumbai",Mumbai,98%,(40 votes),₹ 2500 fee
Dr. Nikhil Shetty,Orthopedist,"MBBS, MS - Orthopaedics",14 Years Experience Overall  (8 years as specialist),"Powai, Mumbai",Mumbai,95%,(21 votes),₹ 1100 fee
Dr. Pradeep K Singh,Orthopedist,"MBBS, MS - Orthopaedics, DNB - Orthopedics/Orthopedic Surgery, PhD - Orthopaedics",23 Years Experience Overall  (20 years as specialist),"Powai, Mumbai",Mumbai,84%,(55 votes),₹ 2100 fee
Dr. Kaushal Malhan,Orthopedist,"MBBS, MS - Orthopaedics",34 Years Experience Overall  (29 years as specialist),"Mulund West, Mumbai",Mumbai,95%,(44 votes),₹ 2000 fee
Dr. Pranjal Kodkani,Orthopedist,"MS - Orthopaedics, Diploma in Orthopaedics, MBBS",29 Years Experience Overall  (24 years as specialist),"Bandra West, Mumbai",Mumbai,100%,(31 votes),₹ 2000 fee
Dr. Hardik Bhangde,Orthopedist,"MBBS, DNB - Orthopedics/Orthopedic Surgery",14 Years Experience Overall  (7 years as specialist),"Mulund West, Mumbai",Mumbai,100%,(24 votes),₹ 500 fee
Dr. Ashish Agarwal,Orthopedist,"MBBS, DNB - Orthopedics/Orthopedic Surgery, MS - Orthopaedics",34 Years Experience Overall  (27 years as specialist),"Matunga, Mumbai",Mumbai,97%,(532 votes),₹ 1500 fee
Dr. Sujit Korday,Orthopedist,"MBBS, MS - Orthopaedics, FRCS - General Surgery",37 Years Experience Overall  (31 years as specialist),"Santacruz West, Mumbai",Mumbai,97%,(532 votes),₹ 1500 fee
Dr. Neeraj Srivastava,Orthopedist,"MBBS, MS - Orthopaedics",42 Years Experience Overall  (37 years as specialist),"Mulund West, Mumbai",Mumbai,97%,(532 votes),₹ 2000 fee
Dr. Safiuddin,Orthopedist,"MBBS, MS - Orthopaedics",13 Years Experience Overall  (10 years as specialist),"Tardeo, Mumbai",Mumbai,97%,(532 votes),₹ 1500 fee
Dr. Haresh Mangalani,Orthopedist,"MBBS, MS - Orthopaedics",32 Years Experience Overall  (27 years as specialist),"Mulund West, Mumbai",Mumbai,97%,(532 votes),₹ 2000 fee
Dr. Atul Patil,Orthopedist,"MBBS, Diploma in Orthopaedics, DNB - Orthopedics/Orthopedic Surgery",12 Years Experience Overall  (9 years as specialist),"Mulund East, Mumbai",Mumbai,97%,(222 votes),₹ 800 fee
Dr. Prajyot Jagtap,Orthopedist,"MBBS, Diploma in Orthopaedics",16 Years Experience Overall  (12 years as specialist),"Chembur, Mumbai",Mumbai,96%,(46 votes),₹ 1500 fee
Dr. Prithviraj Deshmukh,Orthopedist,"MBBS, MS - Orthopaedics",5 Years Experience Overall  (2 years as specialist),"Andheri East, Mumbai",Mumbai,96%,(46 votes),₹ 800 fee
Dr. Fahad M. Shaikh,Orthopedist,"DNB - Orthopedics/Orthopedic Surgery, MBBS",19 Years Experience Overall  (10 years as specialist),"Mahim, Mumbai",Mumbai,95%,(22 votes),₹ 1300 fee
Dr. Satyen Mehta,Orthopedist,"MBBS, MS - Orthopaedics",23 Years Experience Overall  (20 years as specialist),"Chembur, Mumbai",Mumbai,97%,(488 votes),₹ 1500 fee
Dr. Siddharth M. Shah,Orthopedist,"MBBS, MS - Orthopaedics",16 Years Experience Overall  (12 years as specialist),"Mahim, Mumbai",Mumbai,100%,(29 votes),₹ 1800 fee
Dr. Vaibhav B. Kasodekar,Orthopedist,"MBBS, MS - Orthopaedics",25 Years Experience Overall  (19 years as specialist),"Mahim, Mumbai",Mumbai,100%,(29 votes),₹ 1300 fee
Dr. Lalit Panchal,Orthopedist,"MBBS, MS - Orthopaedics, DNB - Orthopedics/Orthopedic Surgery, FCPS - Orthopedic, Diploma in Orthopaedics",34 Years Experience Overall  (29 years as specialist),"Mahim, Mumbai",Mumbai,97%,(78 votes),₹ 1800 fee
Dr. Nisarg Bhatt,Orthopedist,"Diploma in Orthopaedics, MBBS",9 Years Experience Overall  (6 years as specialist),"Malad West, Mumbai",Mumbai,100%,(19 votes),₹ 1200 fee
Dr. Chetan Anchan,Orthopedist,"MS - Orthopaedics, Diploma in Orthopaedics, FCPS - Mid. & Gynae, MBBS",22 Years Experience Overall  (18 years as specialist),"Mahim, Mumbai",Mumbai,100%,(19 votes),₹ 1800 fee
Dr. Shailesh Mishra,Orthopedist,"MS - Orthopaedics, DNB - Orthopedics/Orthopedic Surgery",14 Years Experience Overall  (11 years as specialist),"Mahim, Mumbai",Mumbai,97%,(30 votes),₹ 1300 fee
Dr. Shantanu  K Kundgir,Orthopedist,"MBBS, Diploma in Orthopaedics, FCPS - Orthopedic",20 Years Experience Overall  (13 years as specialist),"Bandra West, Mumbai",Mumbai,90%,(60 votes),₹ 1500 fee
Dr. D. Shrinivas,Orthopedist,"MS - Orthopaedics, MBBS",23 Years Experience Overall  (21 years as specialist),"Chembur East, Mumbai",Mumbai,88%,(24 votes),₹ 1000 fee
Dr. Sachin Vilhekar,Orthopedist,"MBBS, Diploma in Orthopaedics",18 Years Experience Overall  (10 years as specialist),"Mahim, Mumbai",Mumbai,88%,(24 votes),₹ 1300 fee
Dr. Vijay D Shetty,Orthopedist,"MBBS, MS - Orthopaedics",28 Years Experience Overall  (27 years as specialist),"Powai, Mumbai",Mumbai,99%,(2276 votes),₹ 2100 fee
Dr. Prasad Chaudhari,Orthopedist,"MBBS, MS - Orthopaedics, DNB - Orthopedics/Orthopedic Surgery, Diploma in Orthopaedics",25 Years Experience Overall  (20 years as specialist),"Chembur, Mumbai",Mumbai,95%,(21 votes),₹ 1200 fee
Dr. Kunal Shah,Orthopedist,"MBBS, MS - Orthopaedics",20 Years Experience Overall  (17 years as specialist),"Dahisar, Mumbai",Mumbai,98%,(83 votes),₹ 600 fee
Dr. Ritesh Nazareth,Orthopedist,"MBBS, DNB - Orthopedics/Orthopedic Surgery",22 Years Experience Overall  (10 years as specialist),"Kalina, Mumbai",Mumbai,99%,(88 votes),₹ 1000 fee
Dr. Shabbir Suterwala,Orthopedist,"MBBS, Diploma in Orthopaedics",20 Years Experience Overall,"Charni Road, Mumbai",Mumbai,97%,(425 votes),₹ 1500 fee
Dr. Rujuta Mehta,Orthopedist,"MBBS, MS - Orthopaedics, DNB - Orthopedics/Orthopedic Surgery",30 Years Experience Overall  (26 years as specialist),"Santacruz West, Mumbai",Mumbai,96%,(26 votes),₹ 1500 fee
Dr. Rahul Rane,Orthopedist,"MBBS, MS - Orthopaedics, DNB - Orthopedics/Orthopedic Surgery, MNAMS - Orthopaedics",18 Years Experience Overall  (12 years as specialist),"Powai, Mumbai",Mumbai,95%,(126 votes),₹ 1400 fee
Dr. Biswajeet Naidu,Orthopedist,"MBBS, MS - Orthopaedics",33 Years Experience Overall  (32 years as specialist),"Chembur, Mumbai",Mumbai,95%,(156 votes),₹ 2000 fee
Dr. Chirag Dalal,Orthopedist,"MBBS, MS - Orthopaedics",18 Years Experience Overall  (14 years as specialist),"Bhandup West, Mumbai",Mumbai,92%,(92 votes),₹ 1000 fee
Dr. Suhas Shah,Orthopedist,"MS - Orthopaedics, MBBS",36 Years Experience Overall  (24 years as specialist),"Mahim, Mumbai",Mumbai,95%,(97 votes),₹ 1300 fee
Dr. Amit jain,Orthopedist,"Diploma in Orthopaedics, MBBS",23 Years Experience Overall  (18 years as specialist),"Malad West, Mumbai",Mumbai,92%,(26 votes),₹ 1500 fee
Dr. Shreedhar Archik,Orthopedist,"MBBS, MS - Orthopaedics",36 Years Experience Overall  (31 years as specialist),"Parel, Mumbai",Mumbai,93%,(314 votes),₹ 2350 fee
Dr. Nikhil A. Gokhale,Orthopedist,"MBBS, MS - Orthopaedics",13 Years Experience Overall  (7 years as specialist),"Goregaon West, Mumbai",Mumbai,93%,(314 votes),₹ 1000 fee
Dr. Uday M Pawar,Orthopedist,"MBBS, DNB - Orthopedics/Orthopedic Surgery, Diploma in Orthopaedics",23 Years Experience Overall  (18 years as specialist),"Parel, Mumbai",Mumbai,92%,(26 votes),₹ 2500 fee
Dr. Mandar Agashe,Orthopedist,"MBBS, MS - Orthopaedics",19 Years Experience Overall  (14 years as specialist),"Mulund West, Mumbai",Mumbai,92%,(26 votes),₹ 2000 fee
Dr. Neelkanth Dhamnaskar,Orthopedist,"MS - Orthopaedics, DNB - Orthopedics/Orthopedic Surgery, Diploma in Orthopaedics, MBBS",28 Years Experience Overall  (26 years as specialist),"Parel, Mumbai",Mumbai,100%,(19 votes),₹ 1850 fee
Dr. Utkarsh Pawar,Orthopedist,"MBBS, MS - Orthopaedics, DNB - Orthopedics/Orthopedic Surgery",11 Years Experience Overall  (6 years as specialist),"Chembur, Mumbai",Mumbai,97%,(34 votes),₹ 1500 fee
Dr. Chintan Doshi,Orthopedist,"MBBS, DNB - Orthopedics/Orthopedic Surgery, Diploma in Orthopaedics",12 Years Experience Overall  (9 years as specialist),"Santacruz West, Mumbai",Mumbai,89%,(18 votes),₹ 2000 fee
Dr. Sanjeev Jain,Orthopedist,"MBBS, MS - Orthopaedics, M.Ch - Orthopaedics",36 Years Experience Overall  (30 years as specialist),"Powai, Mumbai",Mumbai,72%,(36 votes),₹ 2100 fee
Dr. Om Parshuram Patil,Orthopedist,"MBBS, MS - Orthopaedics, FCPS - Orthopedic, Fellow in Spine Surgery",13 Years Experience Overall  (7 years as specialist),"Chembur, Mumbai",Mumbai,100%,(18 votes),₹ 1500 fee
Dr. Aditya Sai,Orthopedist,"MBBS, MS - Orthopaedics, DNB - Orthopedics/Orthopedic Surgery",17 Years Experience Overall  (12 years as specialist),"Powai, Mumbai",Mumbai,96%,(24 votes),₹ 2000 fee
Dr. Satish Mutha,Orthopedist,"MS - Orthopaedics, MBBS",30 Years Experience Overall  (25 years as specialist),"Mahim, Mumbai",Mumbai,92%,(13 votes),₹ 1300 fee
Dr. Sarang Deshpande,Orthopedist,"MBBS, MS - Orthopaedics",20 Years Experience Overall  (16 years as specialist),"Mira Road, Mumbai",Mumbai,85%,(20 votes),₹ 900 fee
Dr. Ajay Rathod,Orthopedist,"MBBS, MS - Orthopaedics",28 Years Experience Overall  (23 years as specialist),"Tardeo, Mumbai",Mumbai,85%,(20 votes),₹ 1500 fee
Dr. Bipin A Ghanghurde,Orthopedist,"MBBS, MS - Orthopaedics",15 Years Experience Overall  (12 years as specialist),"Santacruz West, Mumbai",Mumbai,85%,(20 votes),₹ 2000 fee
Dr. Dinesh Kasture,Orthopedist,"MBBS, MS - Orthopaedics",26 Years Experience Overall  (22 years as specialist),"Kandivali West, Mumbai",Mumbai,81%,(21 votes),₹ 1000 fee
Dr. Mayur Rabhadiya,Orthopedist,"DNB - Orthopedics/Orthopedic Surgery, Diploma in Orthopaedics, MBBS",8 Years Experience Overall  (6 years as specialist),"Ghatkopar West, Mumbai",Mumbai,81%,(21 votes),₹ 1000 fee
Dr. Devesh Dholakia,Orthopedist,"MBBS, MS - Orthopaedics",32 Years Experience Overall  (26 years as specialist),"Parel, Mumbai",Mumbai,81%,(21 votes),₹ 1750 fee
Dr. Avi shah,Orthopedist,"MBBS, MS - Orthopaedics",11 Years Experience Overall  (6 years as specialist),"Hajiali, Mumbai",Mumbai,81%,(21 votes),₹ 1500 fee
Dr. Ghaniuzzoha Asadi,Orthopedist,"MS - Orthopaedics, MBBS",10 Years Experience Overall  (7 years as specialist),"Ghatkopar West, Mumbai",Mumbai,100%,(30 votes),₹ 800 fee
Dr. Miten Sheth,Orthopedist,"MBBS, MS - Orthopaedics, DNB - Orthopedics/Orthopedic Surgery",16 Years Experience Overall  (10 years as specialist),"Mulund West, Mumbai",Mumbai,99%,(266 votes),₹ 1000 fee
Dr. Akash A Saraogi,Orthopedist,"FRCS - Trauma & Orthopedic Surgery, MBBS, MS - Orthopaedics, DNB - Orthopedics/Orthopedic Surgery, FCPS - Orthopedic",13 Years Experience Overall  (8 years as specialist),"Malad East, Mumbai",Mumbai,100%,(382 votes),₹ 1000 fee
Dr. Sudhir A Joshi,Orthopedist,"MBBS, MS - Orthopaedics",38 Years Experience Overall,"Mahim, Mumbai",Mumbai,100%,(382 votes),₹ 1300 fee
Dr. Kumar S Shetty,Orthopedist,"MBBS, Diploma in Orthopaedics",11 Years Experience Overall  (10 years as specialist),"Mulund West, Mumbai",Mumbai,100%,(382 votes),₹ 2000 fee
Dr. Girish Bhalerao,Orthopedist,"MBBS, Diploma in Orthopaedics, DNB - Orthopedics/Orthopedic Surgery",16 Years Experience Overall  (10 years as specialist),"Mira Road, Mumbai",Mumbai,100%,(13 votes),₹ 900 fee
Dr. Amyn Rajani,Orthopedist,"MS - Orthopaedics, MBBS",23 Years Experience Overall  (18 years as specialist),"Bandra West, Mumbai",Mumbai,99%,(903 votes),₹ 3000 fee
Dr. Nagraj S. Shetty,Orthopedist,"MBBS, MS - Orthopaedics",21 Years Experience Overall  (16 years as specialist),"Andheri East, Mumbai",Mumbai,96%,(23 votes),₹ 1500 fee
Dr. Samarjit S. Bansal,Orthopedist,"MBBS, MS - Orthopaedics",17 Years Experience Overall  (12 years as specialist),"Borivali, Mumbai",Mumbai,99%,(255 votes),₹ 600 fee
Dr. Priyank Patel,Orthopedist,"MBBS, MS - Orthopaedics",14 Years Experience Overall  (10 years as specialist),"Tardeo, Mumbai",Mumbai,99%,(359 votes),₹ 3000 fee
Dr. Rakesh Dhake,Orthopedist,"MBBS, MS - Orthopaedics",10 Years Experience Overall  (7 years as specialist),"Mahim, Mumbai",Mumbai,99%,(359 votes),₹ 1600 fee
Dr. Aditya Khemka,Orthopedist,"MBBS, MS - Orthopaedics, PhD - Surgery",14 Years Experience Overall  (10 years as specialist),"Mahim, Mumbai",Mumbai,99%,(359 votes),₹ 1300 fee
Dr. Swapneel Shah,Orthopedist,"MBBS, MS - Orthopaedics",8 Years Experience Overall  (3 years as specialist),"Kandivali, Mumbai",Mumbai,99%,(359 votes),₹ 500 fee
Dr. Sheetal Mohite,Orthopedist,"Diploma in Orthopaedics, DNB - Orthopedics/Orthopedic Surgery, MBBS",24 Years Experience Overall,"Mahim, Mumbai",Mumbai,92%,(13 votes),₹ 1300 fee
Dr. Alok Kumar Shaligram Pandey,Orthopedist,"MBBS, MS - Orthopaedics, DNB - Orthopedics/Orthopedic Surgery",19 Years Experience Overall  (12 years as specialist),"Mahim, Mumbai",Mumbai,92%,(13 votes),₹ 1300 fee
Dr. Santosh Shetty,Orthopedist,"MBBS, MS - Orthopaedics, M.Ch - Orthopaedics",25 Years Experience Overall  (22 years as specialist),"Malad West, Mumbai",Mumbai,81%,(37 votes),₹ 1200 fee
Dr. Vikas S. Yadav,Orthopedist,"Diploma in Orthopaedics, MBBS",15 Years Experience Overall  (10 years as specialist),"Andheri East, Mumbai",Mumbai,90%,(21 votes),₹ 1000 fee
Dr. Bhushan Sabnis,Orthopedist,"MBBS, MS - Orthopaedics, DNB - Orthopedics/Orthopedic Surgery, MRCS (UK), FRCS - Trauma & Orthopedic Surgery",24 Years Experience Overall  (20 years as specialist),"Andheri West, Mumbai",Mumbai,90%,(21 votes),₹ 2000 fee
Dr. Mukul  Kumar Singh,Orthopedist,"MS - Orthopaedics, DNB - Orthopedics/Orthopedic Surgery, MBBS",6 Years Experience Overall  (3 years as specialist),"Grant Road, Mumbai",Mumbai,90%,(21 votes),₹ 500 fee
Dr. Anoop Dhamangaonkar,Orthopedist,"MBBS, MS - Orthopaedics, DNB - Orthopedics/Orthopedic Surgery, FCPS - Orthopedic, MNAMS - Orthopaedics",10 Years Experience Overall  (8 years as specialist),"Mahim, Mumbai",Mumbai,90%,(21 votes),₹ 1800 fee
Dr. Amit Dhairyawan,Orthopedist,"MBBS, Diploma in Orthopaedics",15 Years Experience Overall  (5 years as specialist),"Ghatkopar East, Mumbai",Mumbai,90%,(21 votes),₹ 1000 fee
Dr. Saijyot Raut,Orthopedist,"MBBS, MS - Orthopaedics",8 Years Experience Overall  (3 years as specialist),"Andheri West, Mumbai",Mumbai,85%,(27 votes),₹ 1500 fee
Dr. M T KHAN,Orthopedist,"MS - Orthopaedics, DNB - Orthopedics/Orthopedic Surgery, MBBS",13 Years Experience Overall  (8 years as specialist),"Khar West, Mumbai",Mumbai,100%,(38 votes),₹ 1500 fee
Dr. Onkar Kulkarni,Orthopedist,"MS - Orthopaedics, MBBS",8 Years Experience Overall  (2 years as specialist),"Vileparle East, Mumbai",Mumbai,100%,(38 votes),₹ 700 fee
Dr. Abhijit Kale,Orthopedist,"MBBS, MS - Orthopaedics",21 Years Experience Overall  (15 years as specialist),"Mahim, Mumbai",Mumbai,100%,(38 votes),₹ 1300 fee
Dr. Mudit Khanna,Orthopedist,"MBBS, M.Ch - Orthopaedics",24 Years Experience Overall  (13 years as specialist),"Mumbai Central, Mumbai",Mumbai,100%,(38 votes),₹ 2500 fee
Dr. Meghraj Holambe,Orthopedist,"MS - Orthopaedics, MBBS",6 Years Experience Overall,"Goregaon East, Mumbai",Mumbai,100%,(38 votes),₹ 800 fee
Dr. Mohit Kukreja,Orthopedist,"MBBS, MS - Orthopaedics, DNB - Orthopedics/Orthopedic Surgery",18 Years Experience Overall  (11 years as specialist),"Mumbai Central, Mumbai",Mumbai,100%,(38 votes),₹ 2000 fee
Dr. Pratik Talekar,Orthopedist,"MBBS, MS - Orthopaedics",11 Years Experience Overall  (10 years as specialist),"Malad, Mumbai",Mumbai,95%,(20 votes),₹ 800 fee
